
xi =

  157.3189
  159.8908
  159.8830
  157.3189

>> yi

yi =

  128.9600
  124.8685
  129.1626
  128.9600